@10000
1d 01 20 00
@10004
09 02 00 00
@10008
1e 02 20 00
@1000c
0a 00 10 00
@10010
06 02 20 00
@10014
0a 02 20 00
@10018
02 02 20 00
@1001c
09 01 20 00
@10020
0d 00 00 00
@10024
09 02 20 00
@10028
01 02 10 00
@1002c
09 00 20 00
@10030
0b 01 20 00
@10034
09 01 20 00
@10038
0a 00 20 00
@1003c
0a 02 20 00
@10040
08 01 00 00
@10044
09 02 00 00
@10048
01 01 10 00
@1004c
0a 02 00 00
@10050
06 01 20 00
@10054
09 02 20 00
@10058
05 02 10 00
@1005c
09 01 00 00
@10060
0f 00 00 00
@10064
0a 01 20 00
@10068
17 01 00 00
@1006c
0a 00 20 00
@10070
1e 00 10 00
@10074
09 01 20 00
@10078
01 02 20 00
@1007c
0a 02 10 00
@10080
05 00 20 00
@10084
09 00 20 00
@10088
05 02 10 00
@1008c
0a 01 10 00
@10090
02 00 10 00
@10094
0a 02 10 00
@10098
11 02 20 00
@1009c
09 01 20 00
@100a0
08 02 10 00
@100a4
09 01 00 00
@100a8
1c 02 00 00
@100ac
09 02 20 00
@100b0
1b 01 20 00
@100b4
0a 00 20 00
@100b8
17 02 20 00
@100bc
09 02 20 00
@100c0
0a 00 20 00
@100c4
09 00 20 00
@100c8
01 02 10 00
@100cc
0a 02 20 00
@100d0
1d 02 00 00
@100d4
0a 01 10 00
@100d8
14 01 20 00
@100dc
09 00 20 00
@100e0
1b 02 10 00
@100e4
0a 02 20 00
@100e8
02 02 20 00
@100ec
09 00 10 00
@100f0
1b 02 10 00
@100f4
0a 01 20 00
@100f8
1b 01 00 00
@100fc
09 00 00 00
@10100
18 00 20 00
@10104
0a 02 00 00
@10108
15 01 20 00
@1010c
09 02 10 00
@10110
11 00 20 00
@10114
09 00 10 00
@10118
13 00 00 00
@1011c
09 01 20 00
@10120
02 00 10 00
@10124
09 00 20 00
@10128
08 01 00 00
@1012c
0a 02 10 00
@10130
03 01 00 00
@10134
09 01 20 00
@10138
1c 00 10 00
@1013c
09 02 20 00
@10140
17 01 00 00
@10144
09 00 00 00
@10148
13 00 00 00
@1014c
09 00 10 00
@10150
01 02 20 00
@10154
0a 00 00 00
@10158
17 01 00 00
@1015c
0a 00 00 00
@10160
10 02 00 00
@10164
09 01 20 00
@10168
13 00 20 00
@1016c
0a 02 00 00
@10170
01 02 10 00
@10174
0a 01 20 00
@10178
12 00 20 00
@1017c
0a 00 20 00
@10180
10 00 20 00
@10184
09 01 10 00
@10188
06 00 20 00
@1018c
0a 02 10 00
@10190
15 01 10 00
@10194
0a 00 00 00
@10198
08 00 10 00
@1019c
09 02 20 00
@101a0
10 00 10 00
@101a4
09 01 20 00
@101a8
14 02 00 00
@101ac
09 00 00 00
@101b0
08 01 10 00
@101b4
09 02 20 00
@101b8
0a 01 20 00
@101bc
09 02 00 00
@101c0
06 00 00 00
@101c4
0a 01 10 00
@101c8
13 01 20 00
@101cc
09 01 10 00
@101d0
18 00 00 00
@101d4
09 02 00 00
@101d8
03 00 10 00
@101dc
09 01 10 00
@101e0
0e 01 20 00
@101e4
09 02 00 00
@101e8
09 02 20 00
@101ec
09 01 10 00
@101f0
16 02 10 00
@101f4
0a 01 20 00
@101f8
1c 01 10 00
@101fc
09 01 10 00
@10200
12 02 20 00
@10204
0a 02 20 00
@10208
02 00 00 00
@1020c
09 02 00 00
@10210
1c 01 20 00
@10214
0a 02 10 00
@10218
0e 02 00 00
@1021c
09 02 00 00
@10220
1a 00 20 00
@10224
09 01 20 00
@10228
1d 02 10 00
@1022c
09 02 10 00
@10230
03 00 10 00
@10234
0a 02 00 00
@10238
15 00 20 00
@1023c
0a 00 00 00
@10240
0a 02 20 00
@10244
09 01 20 00
@10248
13 01 00 00
@1024c
0a 02 00 00
@10250
1b 00 10 00
@10254
09 02 20 00
@10258
06 02 00 00
@1025c
09 00 00 00
@10260
16 02 20 00
@10264
09 02 20 00
@10268
05 01 00 00
@1026c
09 02 10 00
@10270
17 01 20 00
@10274
0a 02 10 00
@10278
15 00 00 00
@1027c
09 01 10 00
@10280
19 01 20 00
@10284
0a 01 10 00
@10288
0c 00 00 00
@1028c
0a 02 10 00
@10290
02 00 20 00
@10294
0a 02 00 00
@10298
02 02 10 00
@1029c
09 02 00 00
@102a0
19 02 20 00
@102a4
0a 00 00 00
@102a8
13 02 20 00
@102ac
09 00 20 00
@102b0
07 00 00 00
@102b4
09 00 20 00
@102b8
0a 01 10 00
@102bc
0a 00 10 00
@102c0
15 00 20 00
@102c4
0a 02 20 00
@102c8
13 01 10 00
@102cc
09 00 00 00
@102d0
03 01 10 00
@102d4
09 02 00 00
@102d8
04 00 10 00
@102dc
09 02 00 00
@102e0
07 01 20 00
@102e4
0a 01 00 00
@102e8
11 01 10 00
@102ec
09 01 20 00
@102f0
12 01 10 00
@102f4
09 01 00 00
@102f8
13 00 20 00
@102fc
09 00 20 00
@10300
18 02 00 00
@10304
09 00 00 00
@10308
15 00 20 00
@1030c
09 00 00 00
@10310
15 00 00 00
@10314
0a 00 00 00
@10318
0d 01 10 00
@1031c
0a 02 00 00
@10320
09 01 00 00
@10324
09 01 00 00
@10328
1f 02 20 00
@1032c
0a 00 10 00
@10330
17 02 20 00
@10334
0a 01 20 00
@10338
19 00 10 00
@1033c
09 01 20 00
@10340
1f 01 10 00
@10344
0a 02 20 00
@10348
07 02 00 00
@1034c
09 01 10 00
@10350
05 01 20 00
@10354
0a 02 10 00
@10358
13 01 00 00
@1035c
09 01 20 00
@10360
07 01 20 00
@10364
0a 02 10 00
@10368
1e 02 10 00
@1036c
09 01 20 00
@10370
0c 02 20 00
@10374
0a 01 10 00
@10378
07 02 20 00
@1037c
09 00 20 00
@10380
0d 00 00 00
@10384
09 02 10 00
@10388
05 00 10 00
@1038c
0a 00 00 00
@10390
18 00 00 00
@10394
09 01 20 00
@10398
1e 01 00 00
@1039c
09 01 20 00
@103a0
0f 01 20 00
@103a4
0a 00 00 00
@103a8
17 02 00 00
@103ac
09 01 10 00
@103b0
08 00 10 00
@103b4
09 01 10 00
@103b8
17 00 20 00
@103bc
0a 00 10 00
@103c0
1a 02 20 00
@103c4
0a 00 10 00
@103c8
05 01 00 00
@103cc
0a 01 00 00
@103d0
14 02 10 00
@103d4
0a 01 20 00
@103d8
02 01 10 00
@103dc
0a 02 00 00
@103e0
15 00 20 00
@103e4
09 01 10 00
@103e8
15 02 00 00
@103ec
09 01 00 00
@103f0
18 02 20 00
@103f4
09 02 00 00
@103f8
08 02 00 00
@103fc
09 00 00 00
@10400
1d 01 10 00
@10404
0a 01 10 00
@10408
17 00 10 00
@1040c
0a 02 00 00
@10410
08 00 00 00
@10414
09 02 20 00
@10418
12 00 00 00
@1041c
0a 01 10 00
@10420
16 01 10 00
@10424
09 01 20 00
@10428
11 02 00 00
@1042c
09 00 20 00
@10430
0c 01 20 00
@10434
09 01 20 00
@10438
1d 00 00 00
@1043c
0a 00 10 00
@10440
14 01 10 00
@10444
09 01 00 00
@10448
09 00 20 00
@1044c
09 01 00 00
@10450
18 00 20 00
@10454
0a 01 00 00
@10458
14 01 20 00
@1045c
09 00 00 00
@10460
0c 00 20 00
@10464
0a 01 20 00
@10468
03 02 10 00
@1046c
09 02 00 00
@10470
0e 00 20 00
@10474
09 00 20 00
@10478
0c 02 10 00
@1047c
09 00 00 00
@10480
18 02 00 00
@10484
0a 02 20 00
@10488
01 02 00 00
@1048c
09 00 20 00
@10490
16 02 00 00
@10494
09 00 20 00
@10498
07 01 00 00
@1049c
0a 00 10 00
@104a0
02 01 00 00
@104a4
09 01 10 00
@104a8
13 00 00 00
@104ac
09 00 10 00
@104b0
0c 00 00 00
@104b4
09 02 10 00
@104b8
04 01 20 00
@104bc
09 02 10 00
@104c0
05 02 00 00
@104c4
09 00 00 00
@104c8
1d 00 20 00
@104cc
0a 01 10 00
@104d0
0f 00 00 00
@104d4
09 01 20 00
@104d8
0b 00 10 00
@104dc
09 02 20 00
@104e0
09 01 10 00
@104e4
0a 00 00 00
@104e8
0b 01 20 00
@104ec
09 02 20 00
@104f0
03 01 00 00
@104f4
0a 02 20 00
@104f8
10 01 00 00
@104fc
09 01 00 00
@10500
0d 02 10 00
@10504
09 02 20 00
@10508
15 02 20 00
@1050c
09 02 10 00
@10510
0b 01 10 00
@10514
0a 01 00 00
@10518
1d 00 20 00
@1051c
0a 01 00 00
@10520
1b 00 20 00
@10524
09 01 00 00
@10528
14 01 00 00
@1052c
09 00 10 00
@10530
0f 00 10 00
@10534
0a 02 10 00
@10538
0d 00 00 00
@1053c
0a 00 20 00
@10540
16 00 20 00
@10544
0a 01 00 00
@10548
0c 00 10 00
@1054c
0a 02 20 00
@10550
03 00 10 00
@10554
0a 02 20 00
@10558
1e 02 10 00
@1055c
0a 02 10 00
@10560
19 00 20 00
@10564
09 01 20 00
@10568
04 00 20 00
@1056c
0a 00 10 00
@10570
0e 01 20 00
@10574
09 01 10 00
@10578
02 02 00 00
@1057c
09 02 00 00
@10580
0b 02 10 00
@10584
0a 00 00 00
@10588
0b 02 10 00
@1058c
09 01 10 00
@10590
0a 00 20 00
@10594
0a 00 20 00
@10598
10 01 10 00
@1059c
09 00 10 00
@105a0
1e 02 10 00
@105a4
0a 02 10 00
@105a8
0b 02 10 00
@105ac
0a 00 10 00
@105b0
06 01 20 00
@105b4
0a 01 20 00
@105b8
04 02 20 00
@105bc
0a 00 20 00
@105c0
0d 02 20 00
@105c4
0a 02 20 00
@105c8
1a 00 00 00
@105cc
0a 00 20 00
@105d0
13 00 20 00
@105d4
09 02 10 00
@105d8
11 01 10 00
@105dc
09 00 00 00
@105e0
15 01 10 00
@105e4
0a 00 20 00
@105e8
17 01 00 00
@105ec
0a 00 00 00
@105f0
14 00 00 00
@105f4
0a 00 20 00
@105f8
04 02 10 00
@105fc
09 01 00 00
@10600
08 01 20 00
@10604
0a 02 10 00
@10608
09 02 00 00
@1060c
09 01 00 00
@10610
04 00 00 00
@10614
09 02 00 00
@10618
10 02 20 00
@1061c
09 01 20 00
@10620
09 02 00 00
@10624
0a 01 10 00
@10628
14 02 10 00
@1062c
09 02 10 00
@10630
19 01 20 00
@10634
0a 01 20 00
@10638
12 00 10 00
@1063c
0a 02 00 00
@10640
0e 01 00 00
@10644
09 00 10 00
@10648
14 01 10 00
@1064c
0a 01 00 00
@10650
1a 00 20 00
@10654
0a 02 10 00
@10658
17 02 10 00
@1065c
0a 00 00 00
@10660
0f 01 00 00
@10664
09 02 10 00
@10668
01 02 10 00
@1066c
0a 00 10 00
@10670
06 01 10 00
@10674
09 02 00 00
@10678
1c 02 00 00
@1067c
09 01 10 00
@10680
04 01 20 00
@10684
09 00 00 00
@10688
1c 02 10 00
@1068c
09 02 20 00
@10690
1e 00 10 00
@10694
0a 00 00 00
@10698
02 00 20 00
@1069c
09 00 00 00
@106a0
13 02 10 00
@106a4
0a 00 10 00
@106a8
05 02 10 00
@106ac
0a 02 00 00
@106b0
0a 02 00 00
@106b4
09 00 00 00
@106b8
0c 01 00 00
@106bc
09 02 00 00
@106c0
01 01 20 00
@106c4
0a 00 00 00
@106c8
02 00 00 00
@106cc
0a 01 20 00
@106d0
1e 00 00 00
@106d4
09 00 00 00
@106d8
0a 01 20 00
@106dc
0a 02 00 00
@106e0
15 01 00 00
@106e4
09 00 10 00
@106e8
0a 02 20 00
@106ec
0a 02 10 00
@106f0
0c 02 10 00
@106f4
0a 02 00 00
@106f8
0f 00 10 00
@106fc
09 00 10 00
@10700
05 02 10 00
@10704
09 01 10 00
@10708
09 00 10 00
@1070c
09 02 00 00
@10710
11 01 10 00
@10714
09 01 00 00
@10718
1a 01 00 00
@1071c
09 02 10 00
@10720
05 00 10 00
@10724
0a 01 20 00
@10728
0f 02 00 00
@1072c
0a 02 00 00
@10730
0c 00 00 00
@10734
09 01 00 00
@10738
05 00 20 00
@1073c
0a 02 10 00
@10740
1c 02 00 00
@10744
09 00 10 00
@10748
08 02 10 00
@1074c
0a 01 20 00
@10750
11 02 10 00
@10754
09 01 10 00
@10758
11 00 20 00
@1075c
0a 00 00 00
@10760
0d 00 10 00
@10764
0a 01 10 00
@10768
17 01 20 00
@1076c
09 01 20 00
@10770
1a 01 20 00
@10774
0a 01 20 00
@10778
1f 01 20 00
@1077c
0a 02 10 00
@10780
0b 02 20 00
@10784
09 02 20 00
@10788
15 00 20 00
@1078c
09 00 00 00
@10790
0e 00 20 00
@10794
09 00 10 00
@10798
15 02 10 00
@1079c
09 01 20 00
@107a0
0a 02 10 00
@107a4
09 02 00 00
@107a8
19 01 10 00
@107ac
0a 01 00 00
@107b0
17 01 00 00
@107b4
0a 01 20 00
@107b8
0b 00 10 00
@107bc
09 02 10 00
@107c0
12 02 00 00
@107c4
0a 00 00 00
@107c8
0b 01 00 00
@107cc
0a 00 20 00
@107d0
01 01 20 00
@107d4
0a 02 10 00
@107d8
0f 02 20 00
@107dc
09 01 10 00
@107e0
01 01 20 00
@107e4
0a 02 00 00
@107e8
11 01 00 00
@107ec
09 01 10 00
@107f0
10 00 20 00
@107f4
0a 01 00 00
@107f8
0b 02 10 00
@107fc
09 00 10 00
